-0.41470397 0.34874544 -0.49171242 0.14957742 0.4187256 -0.19168317 -0.7439633 0.36224508 0.20261352 0.5537721 
0.06433718 0.47336498 -0.5697046 -0.50121886 0.18841851 0.5745751 -0.22891514 -0.028446015 -0.090695135 -0.69931626 
0.21588409 0.42525113 0.47288167 -0.56949675 0.36957967 -0.6164009 -0.017132943 -0.24730493 0.4322361 0.36455086 
0.34646592 0.005370934 0.2729716 -0.4834018 -0.268009 -0.3919638 0.22892104 0.4799033 -0.12913299 0.36664134 
0.40029982 -0.5050631 0.32375404 0.45341575 -0.12587109 -0.20927753 -0.12737831 0.6051085 -0.11765553 -0.5596677 
-0.36107787 0.32771417 0.01883044 -0.34721974 0.013738557 -0.2658972 -0.004533091 0.24417858 -0.011097422 0.1404382 
0.49409235 0.03678392 0.2907791 0.45480105 -0.41573066 0.44847402 0.017437346 -0.52099586 -0.7103829 -0.49097785 
0.057148837 -0.47709313 -0.39025941 -0.21945159 0.7991435 0.067422085 0.53572637 -0.12822562 -0.38608664 -0.36675498 
0.22164927 -0.7333503 0.535927 -0.26327732 0.18915772 0.57347375 0.2799398 0.469391 0.13604775 -0.4281213 
-0.6294121 0.62012535 -0.064848855 -0.39557824 0.39878085 -0.22269525 0.13584512 -0.24659315 -0.3736951 0.3936337 
-0.38051015 -0.27827653 -0.35860446 -0.09985348 0.55987483 0.02249366 0.5964671 -0.02902084 -0.6092786 0.09803674 
-0.44401303 -0.25915828 0.28586757 0.457172 0.4386127 -0.5555882 0.21448421 -0.38456506 0.5132407 -0.22194016 
-0.23727433 -0.33458078 0.33472776 0.28672606 -0.2854443 -0.08778268 -0.020198546 0.017690346 -0.015206122 -0.2332256 
-0.6556746 0.28430894 0.26358554 -0.064534545 -0.2266203 0.43864587 -0.59479976 0.11891313 0.21694168 -0.091589995 
-0.35948345 0.20961924 -0.26457092 -0.053607054 -0.540156 -0.32628405 0.5651979 0.48506007 0.038337667 -0.442041 
-0.11302474 -0.081986904 -0.56018025 0.4074167 -0.17060621 -0.2151008 0.19364507 -0.5296781 0.32373703 -0.030350804 
0.20056687 0.24218577 0.49910477 0.3264083 -0.20823933 -0.5370691 -0.5249089 0.04321452 -0.6549439 -0.23011996 
-0.055701118 -0.39821568 0.26760638 -0.46620354 -0.008059122 0.5053928 0.259595 -0.66412985 0.06780861 0.32948354 
-0.16898152 -0.54873174 0.27563778 0.23977469 -0.45767865 0.250228 -0.644603 0.22009324 0.39107704 0.04531195 
-0.15111394 -0.2656768 -0.26304597 -0.020233069 -0.2287262 0.4659264 0.122107245 -0.19847359 0.17365916 0.064409055 
-0.6775716 0.004349358 0.24373615 0.08809013 -0.5282695 0.51534337 0.18140392 0.13988632 0.24721397 0.2352314 
-0.40646464 -0.51944 -0.13374731 -0.09485083 -0.54613864 -0.3947776 -0.5402678 0.5477028 -0.19099471 0.7644536 
0.37120205 -0.30723476 0.48568377 -0.081457354 -0.2040784 -0.30954626 -0.14734608 -0.20710833 0.06883913 -0.2634829 
-0.20876327 -0.11189925 -0.2963235 -0.12368668 -0.3562477 -0.24428688 0.037412822 -0.2158362 0.16961586 0.11809752 
0.25647742 -0.014716043 0.01943625 0.42281333 -0.5070342 0.2580611 -0.15176548 -0.29013962 0.5428659 -0.22184786 
-0.35948697 0.39396065 -0.31907573 0.083009556 0.58351344 -0.046435114 0.04479243 -0.35984278 -0.29534853 0.018951686 
0.43874308 0.16042414 -0.67083246 0.16908422 -0.41258454 0.066914044 -0.17645068 -0.13472287 0.07957546 0.3575299 
-0.7280929 0.5204627 -0.29134843 0.43638816 -0.28866473 0.16668396 -0.2555812 -0.33938426 0.5520829 -0.41043532 
-0.02024505 0.36437145 0.14657886 -0.23416862 -0.5082829 0.060588397 0.25640324 0.37818095 0.12640932 0.007441385 
-0.41979447 -0.80082107 0.03334883 -0.24166085 0.38560528 -0.5033713 -0.51121587 0.30850908 0.0812693 0.291943 
-0.1666902 -0.40760258 -0.3176829 0.3153689 0.4643422 0.4356338 0.09159033 0.3432724 -0.5064989 0.26730847 
-0.05447705 -0.38342497 0.54107434 -0.066692054 -0.41511604 -0.2521735 0.5257175 -0.42963043 0.28851655 -0.57328784 
0.11009462 -0.7297945 -0.6281039 0.3821652 0.2922495 0.32727292 -0.7023101 0.022549653 0.32498303 0.15217954 
-0.643495 0.29844415 -0.09908641 0.21720389 0.47946307 -0.63832784 0.35569888 0.39814618 -0.61445105 0.29279053 
-0.35951167 -0.378681 0.49929872 -0.06579478 0.4606984 0.027307317 -0.5205055 0.24951914 -0.5274188 -0.13998477 
-0.2537907 0.45204633 -0.37192568 -0.20088862 0.3544892 -0.34590968 -0.5921029 0.5549601 -0.46043113 0.54337996 
0.45742208 -0.7322398 -0.44891822 -0.053830545 0.407271 0.09195746 -0.4811833 0.2583353 -0.41404074 0.374412 
-0.15876274 0.69864416 0.48503008 -0.23809941 -0.302584 -0.23311293 -0.4939178 0.6633399 -0.34420234 -0.684959 
0.044659473 0.51105857 0.4655552 0.18552706 -0.17568137 0.5250537 -0.39687917 -0.6423693 -0.10651579 -0.23565422 
0.16453385 0.18730763 0.5485018 -0.49071252 -0.04727473 -0.3273216 -0.24938276 0.31301764 0.14631215 -0.22721967 
0.45105484 0.42116266 -0.42163056 -0.25081718 -0.24342088 -0.42611885 0.47503382 -0.2899092 -0.38261437 0.21421878 
0.21119192 0.30606118 -0.14841393 -0.7062582 0.4306666 0.32292113 -0.3668161 -0.5906095 0.5164399 0.11669612 
0.11238171 0.42124793 -0.41679138 0.22679399 0.09575302 -0.23163582 -0.65099525 0.36867258 0.47524646 -0.15105559 
-0.60010964 0.15809923 0.2332998 -0.2084277 -0.12396924 0.039625242 0.29899284 -0.5578231 0.1576802 0.29034764 
0.58608556 -0.14778341 -0.42518348 -0.660092 -0.35882398 0.29566842 0.22942317 -0.26932877 -0.5867217 -0.5536414 
-0.094721735 -0.5831029 -0.28965986 -0.5864079 -0.097479105 0.39069337 0.44799358 0.3251531 0.33007777 0.376585 
-0.51966083 -0.29969615 0.441632 -0.09159185 0.6277995 0.19046375 0.41969943 -0.5628628 -0.13565883 -0.5297673 
-0.6071129 -0.3400367 -0.35377106 0.6469082 0.09224658 0.5090125 -0.3602667 -0.42662415 -0.4056341 0.4238855 
0.5833535 0.4721851 0.12661871 0.4363831 -0.10482678 -0.46973753 -0.12568884 0.08331459 -0.6091387 -0.42972898 
-0.15469487 0.21190786 0.16661277 -0.40637976 -0.054261446 0.40228242 0.28250408 0.24924235 -0.19467564 0.17766522 
